cam_pos      = [0.86403, 1.30025, 1.4676]';
cam_dir      = [-0.0616284, 0.00896487, -0.998059]';
cam_up       = [-0.00361851, 0.999951, 0.0092053]';
cam_lookat   = [0, 0, 1]';
cam_sky      = [0, 1, 0]';
cam_right    = [-1.32746, -0.00555779, 0.0819186]';
cam_fpoint   = [0, 0, 1]';
cam_angle    = 90;
