cam_pos      = [0.810893, 1.29986, 1.46276]';
cam_dir      = [-0.0239355, 0.00380263, -0.999706]';
cam_up       = [-0.00715534, 0.999966, 0.00397494]';
cam_lookat   = [0, 0, 1]';
cam_sky      = [0, 1, 0]';
cam_right    = [-1.32959, -0.00964035, 0.031797]';
cam_fpoint   = [0, 0, 1]';
cam_angle    = 90;
