cam_pos      = [0.830428, 1.30043, 1.46512]';
cam_dir      = [-0.0371818, 0.00980287, -0.99926]';
cam_up       = [-0.00805746, 0.999916, 0.0101091]';
cam_lookat   = [0, 0, 1]';
cam_sky      = [0, 1, 0]';
cam_right    = [-1.32904, -0.0112084, 0.0493426]';
cam_fpoint   = [0, 0, 1]';
cam_angle    = 90;
