cam_pos      = [0.806567, 1.29713, 1.46089]';
cam_dir      = [-0.0204536, 0.000715455, -0.999791]';
cam_up       = [-0.00542603, 0.999985, 0.000826599]';
cam_lookat   = [0, 0, 1]';
cam_sky      = [0, 1, 0]';
cam_right    = [-1.3297, -0.00723759, 0.0271977]';
cam_fpoint   = [0, 0, 1]';
cam_angle    = 90;
