cam_pos      = [0.80349, 1.29825, 1.46173]';
cam_dir      = [-0.0190485, 0.00105934, -0.999818]';
cam_up       = [-0.00518024, 0.999986, 0.00115821]';
cam_lookat   = [0, 0, 1]';
cam_sky      = [0, 1, 0]';
cam_right    = [-1.32974, -0.00691781, 0.0253268]';
cam_fpoint   = [0, 0, 1]';
cam_angle    = 90;
