cam_pos      = [0.8226, 1.30102, 1.46299]';
cam_dir      = [-0.0313789, 0.00643318, -0.999487]';
cam_up       = [-0.0082332, 0.999944, 0.0066946]';
cam_lookat   = [0, 0, 1]';
cam_sky      = [0, 1, 0]';
cam_right    = [-1.3293, -0.0112239, 0.0416612]';
cam_fpoint   = [0, 0, 1]';
cam_angle    = 90;
