cam_pos      = [0.807875, 1.30027, 1.46339]';
cam_dir      = [-0.0219803, 0.000560812, -0.999758]';
cam_up       = [-0.00642605, 0.999979, 0.000702217]';
cam_lookat   = [0, 0, 1]';
cam_sky      = [0, 1, 0]';
cam_right    = [-1.32965, -0.00856511, 0.0292283]';
cam_fpoint   = [0, 0, 1]';
cam_angle    = 90;
