cam_pos      = [0.822036, 1.30191, 1.46468]';
cam_dir      = [-0.0324385, 0.00771081, -0.999444]';
cam_up       = [-0.00819504, 0.999935, 0.00798057]';
cam_lookat   = [0, 0, 1]';
cam_sky      = [0, 1, 0]';
cam_right    = [-1.32926, -0.0112376, 0.0430564]';
cam_fpoint   = [0, 0, 1]';
cam_angle    = 90;
