cam_pos      = [0.801053, 1.29892, 1.46092]';
cam_dir      = [-0.0173527, -0.00154748, -0.999848]';
cam_up       = [-0.00223774, 0.999996, -0.00150887]';
cam_lookat   = [0, 0, 1]';
cam_sky      = [0, 1, 0]';
cam_right    = [-1.3298, -0.00294092, 0.0230836]';
cam_fpoint   = [0, 0, 1]';
cam_angle    = 90;
