cam_pos      = [0.80576, 1.29894, 1.462]';
cam_dir      = [-0.0201298, -0.000533366, -0.999797]';
cam_up       = [-0.00590829, 0.999982, -0.000414508]';
cam_lookat   = [0, 0, 1]';
cam_sky      = [0, 1, 0]';
cam_right    = [-1.32971, -0.00784534, 0.0267764]';
cam_fpoint   = [0, 0, 1]';
cam_angle    = 90;
