cam_pos      = [0.813956, 1.30111, 1.46305]';
cam_dir      = [-0.0260315, 0.00451661, -0.999651]';
cam_up       = [-0.0082412, 0.999955, 0.00473259]';
cam_lookat   = [0, 0, 1]';
cam_sky      = [0, 1, 0]';
cam_right    = [-1.3295, -0.0111208, 0.0345708]';
cam_fpoint   = [0, 0, 1]';
cam_angle    = 90;
