cam_pos      = [0.831584, 1.2992, 1.46589]';
cam_dir      = [-0.0391378, 0.00958348, -0.999188]';
cam_up       = [-0.00866891, 0.999913, 0.00993]';
cam_lookat   = [0, 0, 1]';
cam_sky      = [0, 1, 0]';
cam_right    = [-1.32893, -0.0120372, 0.0519382]';
cam_fpoint   = [0, 0, 1]';
cam_angle    = 90;
