cam_pos      = [0.843533, 1.30145, 1.46696]';
cam_dir      = [-0.0484843, 0.00883109, -0.998785]';
cam_up       = [-0.00738065, 0.99993, 0.0091995]';
cam_lookat   = [0, 0, 1]';
cam_sky      = [0, 1, 0]';
cam_right    = [-1.3284, -0.0103976, 0.0643929]';
cam_fpoint   = [0, 0, 1]';
cam_angle    = 90;
