cam_pos      = [0.837838, 1.30074, 1.46488]';
cam_dir      = [-0.043917, 0.00781089, -0.999005]';
cam_up       = [-0.00853599, 0.99993, 0.00819337]';
cam_lookat   = [0, 0, 1]';
cam_sky      = [0, 1, 0]';
cam_right    = [-1.32867, -0.0118201, 0.0583168]';
cam_fpoint   = [0, 0, 1]';
cam_angle    = 90;
