cam_pos      = [0.848352, 1.29967, 1.46715]';
cam_dir      = [-0.0518896, 0.0102649, -0.9986]';
cam_up       = [-0.00595562, 0.999926, 0.010588]';
cam_lookat   = [0, 0, 1]';
cam_sky      = [0, 1, 0]';
cam_right    = [-1.32818, -0.0086406, 0.0689267]';
cam_fpoint   = [0, 0, 1]';
cam_angle    = 90;
