cam_pos      = [0.809393, 1.30013, 1.46236]';
cam_dir      = [-0.0229333, 0.00264781, -0.999733]';
cam_up       = [-0.00647291, 0.999975, 0.00279694]';
cam_lookat   = [0, 0, 1]';
cam_sky      = [0, 1, 0]';
cam_right    = [-1.32962, -0.00869199, 0.0304777]';
cam_fpoint   = [0, 0, 1]';
cam_angle    = 90;
