cam_pos      = [0.816903, 1.3002, 1.46265]';
cam_dir      = [-0.0282699, 0.0062868, -0.999581]';
cam_up       = [-0.00856271, 0.999942, 0.00653124]';
cam_lookat   = [0, 0, 1]';
cam_sky      = [0, 1, 0]';
cam_right    = [-1.32942, -0.0116292, 0.0375252]';
cam_fpoint   = [0, 0, 1]';
cam_angle    = 90;
