cam_pos      = [0.854471, 1.29946, 1.46978]';
cam_dir      = [-0.0561893, 0.00944411, -0.998375]';
cam_up       = [-0.00451169, 0.999943, 0.00971285]';
cam_lookat   = [0, 0, 1]';
cam_sky      = [0, 1, 0]';
cam_right    = [-1.32789, -0.00671666, 0.0746709]';
cam_fpoint   = [0, 0, 1]';
cam_angle    = 90;
