cam_pos      = [0.870512, 1.29951, 1.46929]';
cam_dir      = [-0.0652977, 0.0101372, -0.997814]';
cam_up       = [-0.00288891, 0.999942, 0.0103479]';
cam_lookat   = [0, 0, 1]';
cam_sky      = [0, 1, 0]';
cam_right    = [-1.32716, -0.00473253, 0.0868019]';
cam_fpoint   = [0, 0, 1]';
cam_angle    = 90;
