cam_pos      = [0.80353, 1.29933, 1.4611]';
cam_dir      = [-0.019158, -0.000173125, -0.999816]';
cam_up       = [-0.00471508, 0.999989, -8.28067e-05]';
cam_lookat   = [0, 0, 1]';
cam_sky      = [0, 1, 0]';
cam_right    = [-1.32974, -0.0062678, 0.0254809]';
cam_fpoint   = [0, 0, 1]';
cam_angle    = 90;
