cam_pos      = [0.801084, 1.29915, 1.46174]';
cam_dir      = [-0.0174155, -0.000841852, -0.999848]';
cam_up       = [-0.00356803, 0.999993, -0.000779826]';
cam_lookat   = [0, 0, 1]';
cam_sky      = [0, 1, 0]';
cam_right    = [-1.32979, -0.0047267, 0.0231665]';
cam_fpoint   = [0, 0, 1]';
cam_angle    = 90;
